THEMIS-A Ephemeris Data
Generated by Stefan Eriksson [eriksson at lasp.colorado.edu] on Thu Jun 30 17:44:00 2011 UTC
Number of Records:        101
Col 01: Time (UT)
Col 02-04: S/C GSE position (RE) -- NOTE: 1 RE=6378.16 km
Col 05-07: S/C GSM position (RE) -- NOTE: 1 RE=6378.16 km
Col 08-10: S/C GSE velocity (km/s)
Col 11-13: S/C GSM velocity (km/s)
IDL: format=(A19,TR1,6(F12.6),6(F12.6))
DATA:
2007-06-08/06:50:00     8.186120   10.459002   -3.518299    8.186120   10.469012   -3.488396   -1.077110   -0.008260    0.188169   -1.077110   -0.008798    0.188144
2007-06-08/06:51:00     8.176100   10.458817   -3.516525    8.176100   10.466393   -3.493911   -1.078966   -0.010619    0.188967   -1.078966   -0.011028    0.188943
2007-06-08/06:52:00     8.166063   10.458612   -3.514744    8.166063   10.463756   -3.499400   -1.080822   -0.012982    0.189765   -1.080822   -0.013260    0.189746
2007-06-08/06:53:00     8.156007   10.458386   -3.512955    8.156007   10.461102   -3.504863   -1.082678   -0.015348    0.190565   -1.082678   -0.015495    0.190553
2007-06-08/06:54:00     8.145933   10.458138   -3.511158    8.145933   10.458426   -3.510300   -1.084535   -0.017717    0.191365   -1.084535   -0.017733    0.191363
2007-06-08/06:55:00     8.135844   10.457863   -3.509354    8.135844   10.455728   -3.515713   -1.086393   -0.020090    0.192166   -1.086393   -0.019973    0.192178
2007-06-08/06:56:00     8.125736   10.457570   -3.507543    8.125736   10.453012   -3.521098   -1.088251   -0.022466    0.192967   -1.088251   -0.022216    0.192996
2007-06-08/06:57:00     8.115612   10.457253   -3.505723    8.115612   10.450278   -3.526458   -1.090109   -0.024846    0.193770   -1.090109   -0.024461    0.193819
2007-06-08/06:58:00     8.105469   10.456913   -3.503897    8.105469   10.447526   -3.531790   -1.091967   -0.027229    0.194573   -1.091967   -0.026709    0.194645
2007-06-08/06:59:00     8.095309   10.456552   -3.502063    8.095309   10.444755   -3.537097   -1.093826   -0.029615    0.195377   -1.093826   -0.028960    0.195475
2007-06-08/07:00:00     8.085131   10.456170   -3.500221    8.085131   10.441965   -3.542375   -1.095686   -0.032005    0.196182   -1.095686   -0.031213    0.196309
2007-06-08/07:01:00     8.074940   10.455763   -3.498372    8.074940   10.439153   -3.547627   -1.097546   -0.034398    0.196987   -1.097546   -0.033469    0.197147
2007-06-08/07:02:00     8.064727   10.455333   -3.496515    8.064727   10.436323   -3.552852   -1.099406   -0.036795    0.197794   -1.099406   -0.035728    0.197989
2007-06-08/07:03:00     8.054496   10.454883   -3.494651    8.054496   10.433475   -3.558050   -1.101267   -0.039195    0.198601   -1.101267   -0.037989    0.198835
2007-06-08/07:04:00     8.044251   10.454409   -3.492778    8.044251   10.430609   -3.563220   -1.103129   -0.041599    0.199409   -1.103129   -0.040253    0.199685
2007-06-08/07:05:00     8.033982   10.453914   -3.490899    8.033982   10.427727   -3.568362   -1.104990   -0.044007    0.200217   -1.104990   -0.042520    0.200538
2007-06-08/07:06:00     8.023702   10.453395   -3.489011    8.023702   10.424824   -3.573477   -1.106853   -0.046417    0.201027   -1.106853   -0.044789    0.201396
2007-06-08/07:07:00     8.013403   10.452854   -3.487117    8.013403   10.421900   -3.578564   -1.108716   -0.048832    0.201837   -1.108716   -0.047062    0.202257
2007-06-08/07:08:00     8.003085   10.452291   -3.485214    8.003085   10.418961   -3.583622   -1.110579   -0.051250    0.202648   -1.110579   -0.049337    0.203122
2007-06-08/07:09:00     7.992748   10.451706   -3.483304    7.992748   10.416004   -3.588651   -1.112443   -0.053672    0.203460   -1.112443   -0.051615    0.203991
2007-06-08/07:10:00     7.982397   10.451097   -3.481386    7.982397   10.413026   -3.593654   -1.114307   -0.056097    0.204272   -1.114307   -0.053895    0.204864
2007-06-08/07:11:00     7.972029   10.450464   -3.479461    7.972029   10.410029   -3.598627   -1.116172   -0.058526    0.205086   -1.116172   -0.056179    0.205741
2007-06-08/07:12:00     7.961640   10.449810   -3.477527    7.961640   10.407018   -3.603571   -1.118037   -0.060958    0.205900   -1.118037   -0.058465    0.206622
2007-06-08/07:13:00     7.951236   10.449133   -3.475587    7.951236   10.403983   -3.608487   -1.119903   -0.063395    0.206715   -1.119903   -0.060755    0.207507
2007-06-08/07:14:00     7.940811   10.448432   -3.473638    7.940811   10.400935   -3.613374   -1.121770   -0.065835    0.207531   -1.121770   -0.063047    0.208395
2007-06-08/07:15:00     7.930370   10.447711   -3.471682    7.930370   10.397868   -3.618231   -1.123636   -0.068278    0.208348   -1.123636   -0.065342    0.209287
2007-06-08/07:16:00     7.919915   10.446964   -3.469719    7.919915   10.394778   -3.623060   -1.125504   -0.070725    0.209166   -1.125504   -0.067640    0.210184
2007-06-08/07:17:00     7.909440   10.446196   -3.467747    7.909440   10.391673   -3.627858   -1.127372   -0.073176    0.209984   -1.127372   -0.069941    0.211084
2007-06-08/07:18:00     7.898947   10.445404   -3.465768    7.898947   10.388553   -3.632627   -1.129240   -0.075631    0.210803   -1.129240   -0.072245    0.211988
2007-06-08/07:19:00     7.888434   10.444590   -3.463781    7.888434   10.385413   -3.637366   -1.131109   -0.078090    0.211624   -1.131109   -0.074552    0.212896
2007-06-08/07:20:00     7.877906   10.443750   -3.461786    7.877906   10.382253   -3.642075   -1.132979   -0.080552    0.212445   -1.132979   -0.076862    0.213807
2007-06-08/07:21:00     7.867360   10.442891   -3.459784    7.867360   10.379077   -3.646755   -1.134849   -0.083018    0.213267   -1.134849   -0.079175    0.214723
2007-06-08/07:22:00     7.856798   10.442006   -3.457774    7.856798   10.375882   -3.651404   -1.136720   -0.085488    0.214089   -1.136720   -0.081491    0.215642
2007-06-08/07:23:00     7.846215   10.441101   -3.455756    7.846215   10.372673   -3.656023   -1.138591   -0.087962    0.214913   -1.138591   -0.083810    0.216566
2007-06-08/07:24:00     7.835617   10.440170   -3.453730    7.835617   10.369442   -3.660610   -1.140463   -0.090439    0.215737   -1.140463   -0.086132    0.217493
2007-06-08/07:25:00     7.825002   10.439218   -3.451697    7.825002   10.366196   -3.665168   -1.142336   -0.092920    0.216563   -1.142336   -0.088457    0.218424
2007-06-08/07:26:00     7.814368   10.438242   -3.449656    7.814368   10.362933   -3.669694   -1.144209   -0.095406    0.217389   -1.144209   -0.090786    0.219358
2007-06-08/07:27:00     7.803715   10.437242   -3.447608    7.803715   10.359649   -3.674190   -1.146082   -0.097895    0.218216   -1.146082   -0.093117    0.220297
2007-06-08/07:28:00     7.793048   10.436217   -3.445551    7.793048   10.356348   -3.678655   -1.147956   -0.100388    0.219044   -1.147956   -0.095452    0.221239
2007-06-08/07:29:00     7.782361   10.435171   -3.443486    7.782361   10.353031   -3.683088   -1.149831   -0.102885    0.219873   -1.149831   -0.097790    0.222186
2007-06-08/07:30:00     7.771656   10.434102   -3.441414    7.771656   10.349698   -3.687490   -1.151706   -0.105386    0.220702   -1.151706   -0.100131    0.223136
2007-06-08/07:31:00     7.760932   10.433009   -3.439334    7.760932   10.346347   -3.691860   -1.153582   -0.107891    0.221533   -1.153582   -0.102475    0.224090
2007-06-08/07:32:00     7.750196   10.431890   -3.437246    7.750196   10.342974   -3.696198   -1.155459   -0.110399    0.222365   -1.155459   -0.104822    0.225047
2007-06-08/07:33:00     7.739439   10.430752   -3.435150    7.739439   10.339589   -3.700505   -1.157336   -0.112912    0.223197   -1.157336   -0.107173    0.226009
2007-06-08/07:34:00     7.728662   10.429589   -3.433047    7.728662   10.336186   -3.704780   -1.159214   -0.115429    0.224030   -1.159214   -0.109527    0.226974
2007-06-08/07:35:00     7.717870   10.428400   -3.430935    7.717870   10.332763   -3.709022   -1.161092   -0.117950    0.224865   -1.161092   -0.111885    0.227943
2007-06-08/07:36:00     7.707058   10.427192   -3.428816    7.707058   10.329327   -3.713232   -1.162971   -0.120475    0.225700   -1.162971   -0.114246    0.228916
2007-06-08/07:37:00     7.696229   10.425957   -3.426689    7.696229   10.325871   -3.717410   -1.164851   -0.123004    0.226536   -1.164851   -0.116610    0.229893
2007-06-08/07:38:00     7.685386   10.424696   -3.424554    7.685386   10.322396   -3.721556   -1.166731   -0.125537    0.227373   -1.166731   -0.118977    0.230873
2007-06-08/07:39:00     7.674522   10.423414   -3.422411    7.674522   10.318907   -3.725669   -1.168612   -0.128074    0.228211   -1.168612   -0.121348    0.231858
2007-06-08/07:40:00     7.663639   10.422111   -3.420260    7.663639   10.315402   -3.729748   -1.170494   -0.130615    0.229050   -1.170494   -0.123722    0.232846
2007-06-08/07:41:00     7.652741   10.420780   -3.418102    7.652741   10.311880   -3.733795   -1.172376   -0.133161    0.229890   -1.172376   -0.126100    0.233837
2007-06-08/07:42:00     7.641825   10.419427   -3.415935    7.641825   10.308340   -3.737809   -1.174259   -0.135710    0.230731   -1.174259   -0.128481    0.234833
2007-06-08/07:43:00     7.630891   10.418049   -3.413761    7.630891   10.304782   -3.741790   -1.176143   -0.138264    0.231572   -1.176143   -0.130865    0.235832
2007-06-08/07:44:00     7.619938   10.416649   -3.411578    7.619938   10.301208   -3.745736   -1.178027   -0.140822    0.232415   -1.178027   -0.133253    0.236836
2007-06-08/07:45:00     7.608968   10.415223   -3.409388    7.608968   10.297617   -3.749650   -1.179912   -0.143384    0.233259   -1.179912   -0.135645    0.237842
2007-06-08/07:46:00     7.597980   10.413774   -3.407189    7.597980   10.294010   -3.753530   -1.181797   -0.145950    0.234103   -1.181797   -0.138040    0.238853
2007-06-08/07:47:00     7.586974   10.412302   -3.404983    7.586974   10.290388   -3.757376   -1.183684   -0.148521    0.234949   -1.183684   -0.140439    0.239867
2007-06-08/07:48:00     7.575952   10.410806   -3.402769    7.575952   10.286748   -3.761189   -1.185571   -0.151096    0.235795   -1.185571   -0.142841    0.240886
2007-06-08/07:49:00     7.564910   10.409284   -3.400547    7.564910   10.283089   -3.764967   -1.187458   -0.153675    0.236643   -1.187458   -0.145247    0.241907
2007-06-08/07:50:00     7.553852   10.407738   -3.398317    7.553852   10.279414   -3.768711   -1.189347   -0.156258    0.237491   -1.189347   -0.147657    0.242933
2007-06-08/07:51:00     7.542775   10.406169   -3.396079    7.542775   10.275726   -3.772421   -1.191236   -0.158846    0.238341   -1.191236   -0.150070    0.243962
2007-06-08/07:52:00     7.531680   10.404575   -3.393833    7.531680   10.272019   -3.776096   -1.193125   -0.161438    0.239192   -1.193125   -0.152487    0.244995
2007-06-08/07:53:00     7.520568   10.402956   -3.391579    7.520568   10.268294   -3.779737   -1.195016   -0.164035    0.240043   -1.195016   -0.154908    0.246032
2007-06-08/07:54:00     7.509438   10.401314   -3.389317    7.509438   10.264556   -3.783343   -1.196907   -0.166636    0.240896   -1.196907   -0.157332    0.247073
2007-06-08/07:55:00     7.498291   10.399646   -3.387047    7.498291   10.260798   -3.786914   -1.198799   -0.169241    0.241749   -1.198799   -0.159760    0.248117
2007-06-08/07:56:00     7.487126   10.397956   -3.384768    7.487126   10.257029   -3.790450   -1.200692   -0.171851    0.242604   -1.200692   -0.162192    0.249164
2007-06-08/07:57:00     7.475944   10.396238   -3.382482    7.475944   10.253238   -3.793952   -1.202585   -0.174465    0.243459   -1.202585   -0.164628    0.250216
2007-06-08/07:58:00     7.464740   10.394501   -3.380188    7.464740   10.249435   -3.797417   -1.204479   -0.177084    0.244316   -1.204479   -0.167067    0.251271
2007-06-08/07:59:00     7.453524   10.392735   -3.377885    7.453524   10.245615   -3.800848   -1.206374   -0.179706    0.245173   -1.206374   -0.169511    0.252330
2007-06-08/08:00:00     7.442287   10.390945   -3.375575    7.442287   10.241776   -3.804242   -1.208270   -0.182334    0.246032   -1.208270   -0.171958    0.253393
2007-06-08/08:01:00     7.431030   10.389132   -3.373256    7.431030   10.237923   -3.807601   -1.210166   -0.184966    0.246892   -1.210166   -0.174409    0.254459
2007-06-08/08:02:00     7.419757   10.387293   -3.370930    7.419757   10.234056   -3.810925   -1.212063   -0.187603    0.247752   -1.212063   -0.176865    0.255529
2007-06-08/08:03:00     7.408467   10.385430   -3.368595    7.408467   10.230170   -3.814213   -1.213961   -0.190244    0.248614   -1.213961   -0.179324    0.256602
2007-06-08/08:04:00     7.397160   10.383543   -3.366252    7.397160   10.226269   -3.817465   -1.215860   -0.192890    0.249477   -1.215860   -0.181787    0.257680
2007-06-08/08:05:00     7.385833   10.381629   -3.363901    7.385833   10.222350   -3.820679   -1.217759   -0.195540    0.250341   -1.217759   -0.184254    0.258761
2007-06-08/08:06:00     7.374490   10.379690   -3.361542    7.374490   10.218416   -3.823859   -1.219659   -0.198195    0.251206   -1.219659   -0.186725    0.259845
2007-06-08/08:07:00     7.363126   10.377729   -3.359175    7.363126   10.214470   -3.827003   -1.221560   -0.200855    0.252072   -1.221560   -0.189200    0.260933
2007-06-08/08:08:00     7.351745   10.375743   -3.356800    7.351745   10.210505   -3.830108   -1.223462   -0.203520    0.252939   -1.223462   -0.191680    0.262025
2007-06-08/08:09:00     7.340349   10.373730   -3.354417    7.340349   10.206522   -3.833178   -1.225365   -0.206188    0.253807   -1.225365   -0.194163    0.263120
2007-06-08/08:10:00     7.328934   10.371694   -3.352025    7.328934   10.202528   -3.836212   -1.227268   -0.208862    0.254676   -1.227268   -0.196651    0.264219
2007-06-08/08:11:00     7.317499   10.369632   -3.349625    7.317499   10.198516   -3.839207   -1.229172   -0.211541    0.255546   -1.229172   -0.199143    0.265322
2007-06-08/08:12:00     7.306047   10.367543   -3.347217    7.306047   10.194489   -3.842166   -1.231077   -0.214224    0.256418   -1.231077   -0.201639    0.266428
2007-06-08/08:13:00     7.294578   10.365431   -3.344800    7.294578   10.190442   -3.845088   -1.232983   -0.216912    0.257290   -1.232983   -0.204139    0.267538
2007-06-08/08:14:00     7.283090   10.363293   -3.342376    7.283090   10.186382   -3.847973   -1.234890   -0.219605    0.258164   -1.234890   -0.206643    0.268651
2007-06-08/08:15:00     7.271584   10.361131   -3.339943    7.271584   10.182311   -3.850821   -1.236797   -0.222303    0.259039   -1.236797   -0.209152    0.269768
2007-06-08/08:16:00     7.260061   10.358942   -3.337502    7.260061   10.178219   -3.853630   -1.238705   -0.225005    0.259914   -1.238705   -0.211665    0.270889
2007-06-08/08:17:00     7.248519   10.356729   -3.335053    7.248519   10.174113   -3.856403   -1.240614   -0.227712    0.260791   -1.240614   -0.214183    0.272013
2007-06-08/08:18:00     7.236960   10.354489   -3.332596    7.236960   10.169991   -3.859138   -1.242524   -0.230425    0.261669   -1.242524   -0.216704    0.273140
2007-06-08/08:19:00     7.225381   10.352227   -3.330130    7.225381   10.165854   -3.861834   -1.244435   -0.233142    0.262549   -1.244435   -0.219231    0.274271
2007-06-08/08:20:00     7.213786   10.349938   -3.327656    7.213786   10.161703   -3.864493   -1.246347   -0.235864    0.263429   -1.246347   -0.221762    0.275406
2007-06-08/08:21:00     7.202174   10.347621   -3.325174    7.202174   10.157532   -3.867114   -1.248259   -0.238591    0.264310   -1.248259   -0.224296    0.276544
2007-06-08/08:22:00     7.190542   10.345280   -3.322683    7.190542   10.153347   -3.869697   -1.250172   -0.241323    0.265193   -1.250172   -0.226836    0.277686
2007-06-08/08:23:00     7.178891   10.342914   -3.320185    7.178891   10.149149   -3.872241   -1.252087   -0.244060    0.266077   -1.252087   -0.229380    0.278831
2007-06-08/08:24:00     7.167226   10.340521   -3.317677    7.167226   10.144935   -3.874748   -1.254002   -0.246802    0.266962   -1.254002   -0.231929    0.279980
2007-06-08/08:25:00     7.155540   10.338103   -3.315162    7.155540   10.140703   -3.877215   -1.255918   -0.249549    0.267848   -1.255918   -0.234482    0.281132
2007-06-08/08:26:00     7.143836   10.335661   -3.312638    7.143836   10.136460   -3.879644   -1.257835   -0.252302    0.268735   -1.257835   -0.237040    0.282288
2007-06-08/08:27:00     7.132115   10.333190   -3.310106    7.132115   10.132197   -3.882033   -1.259752   -0.255059    0.269624   -1.259752   -0.239603    0.283447
2007-06-08/08:28:00     7.120375   10.330696   -3.307565    7.120375   10.127922   -3.884385   -1.261671   -0.257821    0.270513   -1.261671   -0.242170    0.284610
2007-06-08/08:29:00     7.108614   10.328176   -3.305016    7.108614   10.123634   -3.886697   -1.263591   -0.260589    0.271404   -1.263591   -0.244742    0.285776
2007-06-08/08:30:00     7.096838   10.325630   -3.302459    7.096838   10.119327   -3.888969   -1.265511   -0.263362    0.272296   -1.265511   -0.247319    0.286946
