THEMIS-C Ephemeris Data
Generated by Stefan Eriksson [eriksson at lasp.colorado.edu] on Wed Jun 29 16:36:06 2011 UTC
Number of Records:        241
Col 01: Time (UT)
Col 02-04: S/C GSE position (RE) -- NOTE: 1 RE=6378.16 km
Col 05-07: S/C GSM position (RE) -- NOTE: 1 RE=6378.16 km
Col 08-10: S/C GSE velocity (km/s)
Col 11-13: S/C GSM velocity (km/s)
IDL: format=(A19,TR1,6(F12.6),6(F12.6))
DATA:
2008-04-15/06:00:00    -5.810508   17.014830   -5.724968   -5.810508   17.951763   -0.117888   -0.774594    0.222692    0.011025   -0.774594    0.208080    0.080101
2008-04-15/06:01:00    -5.817590   17.016985   -5.724862   -5.817590   17.953688   -0.130247   -0.774085    0.221214    0.011526   -0.774085    0.206577    0.079964
2008-04-15/06:02:00    -5.824668   17.019127   -5.724751   -5.824668   17.955587   -0.142591   -0.773574    0.219737    0.012027   -0.773574    0.205076    0.079830
2008-04-15/06:03:00    -5.831740   17.021257   -5.724635   -5.831740   17.957468   -0.154917   -0.773064    0.218260    0.012528   -0.773064    0.203575    0.079697
2008-04-15/06:04:00    -5.838809   17.023371   -5.724516   -5.838809   17.959326   -0.167230   -0.772553    0.216784    0.013028   -0.772553    0.202074    0.079567
2008-04-15/06:05:00    -5.845872   17.025475   -5.724391   -5.845872   17.961159   -0.179522   -0.772042    0.215309    0.013528   -0.772042    0.200575    0.079440
2008-04-15/06:06:00    -5.852930   17.027563   -5.724261   -5.852930   17.962969   -0.191799   -0.771531    0.213834    0.014028   -0.771531    0.199076    0.079315
2008-04-15/06:07:00    -5.859985   17.029638   -5.724127   -5.859985   17.964760   -0.204059   -0.771020    0.212361    0.014528   -0.771020    0.197577    0.079192
2008-04-15/06:08:00    -5.867033   17.031696   -5.723987   -5.867033   17.966524   -0.216303   -0.770508    0.210888    0.015027   -0.770508    0.196080    0.079071
2008-04-15/06:09:00    -5.874078   17.033743   -5.723844   -5.874078   17.968267   -0.228530   -0.769996    0.209416    0.015525   -0.769996    0.194583    0.078953
2008-04-15/06:10:00    -5.881111   17.035778   -5.723696   -5.881111   17.969990   -0.240737   -0.769483    0.207945    0.016024   -0.769483    0.193087    0.078837
2008-04-15/06:11:00    -5.888151   17.037796   -5.723543   -5.888151   17.971684   -0.252927   -0.768971    0.206474    0.016522   -0.768971    0.191591    0.078724
2008-04-15/06:12:00    -5.895176   17.039803   -5.723385   -5.895176   17.973362   -0.265097   -0.768458    0.205004    0.017020   -0.768458    0.190096    0.078613
2008-04-15/06:13:00    -5.902200   17.041794   -5.723222   -5.902200   17.975016   -0.277252   -0.767945    0.203535    0.017517   -0.767945    0.188601    0.078504
2008-04-15/06:14:00    -5.909219   17.043770   -5.723055   -5.909219   17.976645   -0.289384   -0.767432    0.202067    0.018014   -0.767432    0.187108    0.078397
2008-04-15/06:15:00    -5.916234   17.045734   -5.722884   -5.916234   17.978254   -0.301499   -0.766918    0.200599    0.018511   -0.766918    0.185615    0.078293
2008-04-15/06:16:00    -5.923245   17.047684   -5.722707   -5.923245   17.979837   -0.313594   -0.766404    0.199132    0.019008   -0.766404    0.184122    0.078191
2008-04-15/06:17:00    -5.930250   17.049623   -5.722526   -5.930250   17.981403   -0.325667   -0.765890    0.197666    0.019504   -0.765890    0.182630    0.078092
2008-04-15/06:18:00    -5.937250   17.051544   -5.722340   -5.937250   17.982944   -0.337724   -0.765375    0.196201    0.020000   -0.765375    0.181139    0.077995
2008-04-15/06:19:00    -5.944246   17.053455   -5.722149   -5.944246   17.984465   -0.349759   -0.764860    0.194736    0.020495   -0.764860    0.179649    0.077900
2008-04-15/06:20:00    -5.951237   17.055349   -5.721954   -5.951237   17.985962   -0.361773   -0.764345    0.193272    0.020990   -0.764345    0.178159    0.077807
2008-04-15/06:21:00    -5.958222   17.057230   -5.721755   -5.958222   17.987438   -0.373767   -0.763830    0.191809    0.021485   -0.763830    0.176670    0.077717
2008-04-15/06:22:00    -5.965203   17.059099   -5.721550   -5.965203   17.988892   -0.385740   -0.763315    0.190346    0.021980   -0.763315    0.175181    0.077629
2008-04-15/06:23:00    -5.972180   17.060955   -5.721341   -5.972180   17.990324   -0.397689   -0.762799    0.188884    0.022474   -0.762799    0.173694    0.077543
2008-04-15/06:24:00    -5.979149   17.062794   -5.721128   -5.979149   17.991734   -0.409618   -0.762282    0.187423    0.022968   -0.762282    0.172206    0.077459
2008-04-15/06:25:00    -5.986116   17.064621   -5.720909   -5.986116   17.993122   -0.421527   -0.761766    0.185963    0.023461   -0.761766    0.170720    0.077378
2008-04-15/06:26:00    -5.993079   17.066437   -5.720686   -5.993079   17.994490   -0.433411   -0.761249    0.184503    0.023955   -0.761249    0.169234    0.077299
2008-04-15/06:27:00    -6.000031   17.068237   -5.720459   -6.000031   17.995834   -0.445273   -0.760732    0.183044    0.024448   -0.760732    0.167749    0.077223
2008-04-15/06:28:00    -6.006982   17.070024   -5.720226   -6.006982   17.997160   -0.457111   -0.760215    0.181586    0.024940   -0.760215    0.166264    0.077148
2008-04-15/06:29:00    -6.013932   17.071793   -5.719989   -6.013932   17.998459   -0.468929   -0.759698    0.180129    0.025433   -0.759698    0.164780    0.077076
2008-04-15/06:30:00    -6.020871   17.073555   -5.719748   -6.020871   17.999743   -0.480723   -0.759180    0.178672    0.025925   -0.759180    0.163297    0.077006
2008-04-15/06:31:00    -6.027807   17.075298   -5.719501   -6.027807   18.001001   -0.492493   -0.758662    0.177216    0.026417   -0.758662    0.161814    0.076938
2008-04-15/06:32:00    -6.034739   17.077030   -5.719250   -6.034739   18.002237   -0.504238   -0.758143    0.175760    0.026908   -0.758143    0.160332    0.076873
2008-04-15/06:33:00    -6.041667   17.078749   -5.718995   -6.041667   18.003454   -0.515959   -0.757625    0.174306    0.027399   -0.757625    0.158850    0.076810
2008-04-15/06:34:00    -6.048588   17.080454   -5.718735   -6.048588   18.004650   -0.527658   -0.757106    0.172852    0.027890   -0.757106    0.157370    0.076749
2008-04-15/06:35:00    -6.055506   17.082146   -5.718471   -6.055506   18.005825   -0.539330   -0.756587    0.171398    0.028381   -0.756587    0.155889    0.076690
2008-04-15/06:36:00    -6.062418   17.083822   -5.718201   -6.062418   18.006977   -0.550980   -0.756067    0.169946    0.028871   -0.756067    0.154410    0.076633
2008-04-15/06:37:00    -6.069326   17.085487   -5.717927   -6.069326   18.008112   -0.562601   -0.755548    0.168494    0.029361   -0.755548    0.152931    0.076579
2008-04-15/06:38:00    -6.076230   17.087137   -5.717649   -6.076230   18.009220   -0.574198   -0.755028    0.167042    0.029850   -0.755028    0.151453    0.076527
2008-04-15/06:39:00    -6.083126   17.088772   -5.717366   -6.083126   18.010313   -0.585772   -0.754507    0.165592    0.030340   -0.754507    0.149975    0.076477
2008-04-15/06:40:00    -6.090018   17.090395   -5.717078   -6.090018   18.011381   -0.597316   -0.753987    0.164142    0.030829   -0.753987    0.148498    0.076429
2008-04-15/06:41:00    -6.096906   17.092003   -5.716785   -6.096906   18.012426   -0.608838   -0.753466    0.162693    0.031318   -0.753466    0.147022    0.076383
2008-04-15/06:42:00    -6.103790   17.093603   -5.716488   -6.103790   18.013458   -0.620329   -0.752945    0.161244    0.031806   -0.752945    0.145546    0.076340
2008-04-15/06:43:00    -6.110667   17.095184   -5.716187   -6.110667   18.014465   -0.631796   -0.752424    0.159796    0.032294   -0.752424    0.144071    0.076298
2008-04-15/06:44:00    -6.117539   17.096754   -5.715881   -6.117539   18.015453   -0.643236   -0.751902    0.158349    0.032782   -0.751902    0.142596    0.076259
2008-04-15/06:45:00    -6.124408   17.098309   -5.715570   -6.124408   18.016420   -0.654649   -0.751380    0.156903    0.033269   -0.751380    0.141122    0.076222
2008-04-15/06:46:00    -6.131271   17.099850   -5.715254   -6.131271   18.017365   -0.666033   -0.750858    0.155457    0.033757   -0.750858    0.139649    0.076188
2008-04-15/06:47:00    -6.138126   17.101377   -5.714935   -6.138126   18.018291   -0.677389   -0.750335    0.154012    0.034244   -0.750335    0.138176    0.076155
2008-04-15/06:48:00    -6.144983   17.102894   -5.714611   -6.144983   18.019196   -0.688721   -0.749813    0.152567    0.034730   -0.749813    0.136704    0.076124
2008-04-15/06:49:00    -6.151827   17.104397   -5.714282   -6.151827   18.020082   -0.700020   -0.749289    0.151123    0.035217   -0.749289    0.135233    0.076096
2008-04-15/06:50:00    -6.158675   17.105883   -5.713948   -6.158675   18.020945   -0.711294   -0.748766    0.149680    0.035703   -0.748766    0.133762    0.076070
2008-04-15/06:51:00    -6.165509   17.107357   -5.713610   -6.165509   18.021793   -0.722536   -0.748242    0.148237    0.036189   -0.748242    0.132291    0.076045
2008-04-15/06:52:00    -6.172343   17.108820   -5.713267   -6.172343   18.022617   -0.733751   -0.747719    0.146796    0.036674   -0.747719    0.130822    0.076023
2008-04-15/06:53:00    -6.179171   17.110266   -5.712920   -6.179171   18.023420   -0.744937   -0.747194    0.145354    0.037159   -0.747194    0.129353    0.076003
2008-04-15/06:54:00    -6.185996   17.111700   -5.712568   -6.185996   18.024208   -0.756092   -0.746670    0.143914    0.037644   -0.746670    0.127884    0.075986
2008-04-15/06:55:00    -6.192814   17.113123   -5.712212   -6.192814   18.024975   -0.767218   -0.746145    0.142474    0.038129   -0.746145    0.126417    0.075970
2008-04-15/06:56:00    -6.199628   17.114527   -5.711851   -6.199628   18.025719   -0.778315   -0.745620    0.141034    0.038613   -0.745620    0.124949    0.075956
2008-04-15/06:57:00    -6.206438   17.115921   -5.711485   -6.206438   18.026443   -0.789380   -0.745095    0.139596    0.039097   -0.745095    0.123483    0.075944
2008-04-15/06:58:00    -6.213241   17.117302   -5.711116   -6.213241   18.027151   -0.800417   -0.744569    0.138158    0.039581   -0.744569    0.122017    0.075935
2008-04-15/06:59:00    -6.220039   17.118668   -5.710741   -6.220039   18.027836   -0.811423   -0.744043    0.136720    0.040064   -0.744043    0.120551    0.075927
2008-04-15/07:00:00    -6.226833   17.120020   -5.710361   -6.226833   18.028503   -0.822397   -0.743517    0.135283    0.040548   -0.743517    0.119087    0.075922
2008-04-15/07:01:00    -6.233622   17.121361   -5.709978   -6.233622   18.029154   -0.833338   -0.742991    0.133847    0.041030   -0.742991    0.117622    0.075918
2008-04-15/07:02:00    -6.240406   17.122688   -5.709589   -6.240406   18.029783   -0.844250   -0.742464    0.132412    0.041513   -0.742464    0.116159    0.075917
2008-04-15/07:03:00    -6.247186   17.124002   -5.709197   -6.247186   18.030394   -0.855127   -0.741937    0.130977    0.041995   -0.741937    0.114696    0.075918
2008-04-15/07:04:00    -6.253959   17.125299   -5.708799   -6.253959   18.030983   -0.865977   -0.741410    0.129543    0.042477   -0.741410    0.113233    0.075920
2008-04-15/07:05:00    -6.260728   17.126587   -5.708397   -6.260728   18.031557   -0.876791   -0.740882    0.128109    0.042959   -0.740882    0.111771    0.075925
2008-04-15/07:06:00    -6.267492   17.127857   -5.707992   -6.267492   18.032108   -0.887577   -0.740354    0.126676    0.043441   -0.740354    0.110310    0.075931
2008-04-15/07:07:00    -6.274248   17.129120   -5.707581   -6.274248   18.032642   -0.898324   -0.739826    0.125244    0.043922   -0.739826    0.108850    0.075940
2008-04-15/07:08:00    -6.281002   17.130363   -5.707165   -6.281002   18.033159   -0.909042   -0.739298    0.123812    0.044403   -0.739298    0.107390    0.075951
2008-04-15/07:09:00    -6.287751   17.131596   -5.706745   -6.287751   18.033653   -0.919725   -0.738769    0.122381    0.044884   -0.738769    0.105930    0.075963
2008-04-15/07:10:00    -6.294496   17.132816   -5.706320   -6.294496   18.034130   -0.930376   -0.738240    0.120950    0.045364   -0.738240    0.104471    0.075978
2008-04-15/07:11:00    -6.301234   17.134022   -5.705891   -6.301234   18.034590   -0.940995   -0.737711    0.119520    0.045844   -0.737711    0.103013    0.075995
2008-04-15/07:12:00    -6.307969   17.135214   -5.705457   -6.307969   18.035030   -0.951576   -0.737181    0.118091    0.046324   -0.737181    0.101555    0.076013
2008-04-15/07:13:00    -6.314698   17.136393   -5.705019   -6.314698   18.035452   -0.962126   -0.736652    0.116662    0.046804   -0.736652    0.100098    0.076033
2008-04-15/07:14:00    -6.321422   17.137558   -5.704577   -6.321422   18.035858   -0.972641   -0.736121    0.115234    0.047283   -0.736121    0.098641    0.076056
2008-04-15/07:15:00    -6.328141   17.138712   -5.704130   -6.328141   18.036242   -0.983121   -0.735591    0.113807    0.047762   -0.735591    0.097185    0.076080
2008-04-15/07:16:00    -6.334854   17.139849   -5.703679   -6.334854   18.036610   -0.993569   -0.735060    0.112380    0.048241   -0.735060    0.095730    0.076106
2008-04-15/07:17:00    -6.341564   17.140976   -5.703222   -6.341564   18.036959   -1.003978   -0.734529    0.110953    0.048719   -0.734529    0.094275    0.076135
2008-04-15/07:18:00    -6.348269   17.142086   -5.702762   -6.348269   18.037287   -1.014354   -0.733998    0.109528    0.049197   -0.733998    0.092821    0.076165
2008-04-15/07:19:00    -6.354968   17.143187   -5.702296   -6.354968   18.037600   -1.024693   -0.733467    0.108103    0.049675   -0.733467    0.091367    0.076197
2008-04-15/07:20:00    -6.361661   17.144272   -5.701827   -6.361661   18.037897   -1.034997   -0.732935    0.106678    0.050153   -0.732935    0.089914    0.076230
2008-04-15/07:21:00    -6.368351   17.145346   -5.701354   -6.368351   18.038174   -1.045266   -0.732402    0.105254    0.050630   -0.732402    0.088461    0.076266
2008-04-15/07:22:00    -6.375035   17.146404   -5.700874   -6.375035   18.038433   -1.055498   -0.731870    0.103831    0.051108   -0.731870    0.087009    0.076304
2008-04-15/07:23:00    -6.381713   17.147451   -5.700392   -6.381713   18.038675   -1.065694   -0.731337    0.102408    0.051584   -0.731337    0.085557    0.076343
2008-04-15/07:24:00    -6.388383   17.148481   -5.699904   -6.388383   18.038900   -1.075852   -0.730804    0.100986    0.052061   -0.730804    0.084107    0.076384
2008-04-15/07:25:00    -6.395057   17.149500   -5.699412   -6.395057   18.039106   -1.085976   -0.730271    0.099564    0.052537   -0.730271    0.082656    0.076428
2008-04-15/07:26:00    -6.401716   17.150507   -5.698916   -6.401716   18.039297   -1.096061   -0.729737    0.098143    0.053013   -0.729737    0.081206    0.076473
2008-04-15/07:27:00    -6.408377   17.151499   -5.698415   -6.408377   18.039467   -1.106110   -0.729204    0.096723    0.053489   -0.729204    0.079757    0.076519
2008-04-15/07:28:00    -6.415030   17.152481   -5.697909   -6.415030   18.039627   -1.116120   -0.728669    0.095303    0.053965   -0.728669    0.078308    0.076568
2008-04-15/07:29:00    -6.421678   17.153446   -5.697400   -6.421678   18.039762   -1.126092   -0.728135    0.093884    0.054440   -0.728135    0.076860    0.076618
2008-04-15/07:30:00    -6.428322   17.154398   -5.696886   -6.428322   18.039881   -1.136028   -0.727600    0.092465    0.054915   -0.727600    0.075412    0.076671
2008-04-15/07:31:00    -6.434963   17.155336   -5.696366   -6.434963   18.039984   -1.145924   -0.727065    0.091047    0.055390   -0.727065    0.073965    0.076725
2008-04-15/07:32:00    -6.441596   17.156265   -5.695843   -6.441596   18.040071   -1.155782   -0.726530    0.089629    0.055865   -0.726530    0.072519    0.076780
2008-04-15/07:33:00    -6.448225   17.157177   -5.695316   -6.448225   18.040140   -1.165603   -0.725994    0.088212    0.056339   -0.725994    0.071073    0.076838
2008-04-15/07:34:00    -6.454847   17.158077   -5.694784   -6.454847   18.040197   -1.175384   -0.725458    0.086795    0.056813   -0.725458    0.069627    0.076897
2008-04-15/07:35:00    -6.461465   17.158962   -5.694247   -6.461465   18.040232   -1.185126   -0.724922    0.085379    0.057287   -0.724922    0.068182    0.076958
2008-04-15/07:36:00    -6.468079   17.159836   -5.693706   -6.468079   18.040249   -1.194828   -0.724386    0.083964    0.057760   -0.724386    0.066738    0.077021
2008-04-15/07:37:00    -6.474689   17.160696   -5.693160   -6.474689   18.040255   -1.204490   -0.723849    0.082549    0.058233   -0.723849    0.065294    0.077086
2008-04-15/07:38:00    -6.481292   17.161543   -5.692609   -6.481292   18.040241   -1.214114   -0.723312    0.081135    0.058706   -0.723312    0.063851    0.077152
2008-04-15/07:39:00    -6.487890   17.162374   -5.692055   -6.487890   18.040209   -1.223699   -0.722774    0.079721    0.059179   -0.722774    0.062408    0.077220
2008-04-15/07:40:00    -6.494483   17.163195   -5.691497   -6.494483   18.040163   -1.233244   -0.722237    0.078308    0.059652   -0.722237    0.060965    0.077290
2008-04-15/07:41:00    -6.501071   17.164003   -5.690933   -6.501071   18.040102   -1.242747   -0.721699    0.076895    0.060124   -0.721699    0.059524    0.077361
2008-04-15/07:42:00    -6.507650   17.164797   -5.690365   -6.507650   18.040024   -1.252210   -0.721160    0.075484    0.060596   -0.721160    0.058083    0.077434
2008-04-15/07:43:00    -6.514228   17.165577   -5.689793   -6.514228   18.039930   -1.261632   -0.720622    0.074072    0.061068   -0.720622    0.056642    0.077509
2008-04-15/07:44:00    -6.520800   17.166344   -5.689216   -6.520800   18.039820   -1.271015   -0.720083    0.072661    0.061539   -0.720083    0.055202    0.077585
2008-04-15/07:45:00    -6.527373   17.167097   -5.688635   -6.527373   18.039692   -1.280354   -0.719544    0.071250    0.062010   -0.719544    0.053762    0.077663
2008-04-15/07:46:00    -6.533932   17.167841   -5.688050   -6.533932   18.039553   -1.289655   -0.719004    0.069841    0.062481   -0.719004    0.052323    0.077743
2008-04-15/07:47:00    -6.540490   17.168568   -5.687460   -6.540490   18.039396   -1.298912   -0.718465    0.068431    0.062952   -0.718465    0.050884    0.077824
2008-04-15/07:48:00    -6.547042   17.169281   -5.686865   -6.547042   18.039223   -1.308128   -0.717925    0.067022    0.063422   -0.717925    0.049446    0.077907
2008-04-15/07:49:00    -6.553590   17.169983   -5.686266   -6.553590   18.039032   -1.317301   -0.717384    0.065614    0.063893   -0.717384    0.048008    0.077992
2008-04-15/07:50:00    -6.560132   17.170673   -5.685663   -6.560132   18.038830   -1.326433   -0.716844    0.064206    0.064363   -0.716844    0.046571    0.078078
2008-04-15/07:51:00    -6.566671   17.171350   -5.685056   -6.566671   18.038610   -1.335523   -0.716303    0.062799    0.064832   -0.716303    0.045134    0.078166
2008-04-15/07:52:00    -6.573204   17.172012   -5.684444   -6.573204   18.038378   -1.344570   -0.715762    0.061392    0.065302   -0.715762    0.043698    0.078255
2008-04-15/07:53:00    -6.579731   17.172659   -5.683826   -6.579731   18.038124   -1.353576   -0.715220    0.059986    0.065771   -0.715220    0.042262    0.078346
2008-04-15/07:54:00    -6.586251   17.173294   -5.683206   -6.586251   18.037859   -1.362537   -0.714678    0.058580    0.066240   -0.714678    0.040827    0.078438
2008-04-15/07:55:00    -6.592768   17.173918   -5.682581   -6.592768   18.037579   -1.371457   -0.714136    0.057175    0.066709   -0.714136    0.039392    0.078532
2008-04-15/07:56:00    -6.599281   17.174526   -5.681951   -6.599281   18.037285   -1.380331   -0.713594    0.055770    0.067178   -0.713594    0.037958    0.078628
2008-04-15/07:57:00    -6.605788   17.175123   -5.681317   -6.605788   18.036974   -1.389162   -0.713051    0.054366    0.067646   -0.713051    0.036524    0.078725
2008-04-15/07:58:00    -6.612289   17.175705   -5.680678   -6.612289   18.036652   -1.397952   -0.712508    0.052962    0.068114   -0.712508    0.035091    0.078824
2008-04-15/07:59:00    -6.618786   17.176277   -5.680036   -6.618786   18.036312   -1.406695   -0.711965    0.051559    0.068582   -0.711965    0.033658    0.078924
2008-04-15/08:00:00    -6.625273   17.176834   -5.679388   -6.625273   18.035957   -1.415396   -0.711421    0.050157    0.069049   -0.711421    0.032226    0.079025
2008-04-15/08:01:00    -6.631760   17.177378   -5.678736   -6.631760   18.035587   -1.424052   -0.710877    0.048755    0.069517   -0.710877    0.030794    0.079128
2008-04-15/08:02:00    -6.638246   17.177908   -5.678080   -6.638246   18.035204   -1.432664   -0.710333    0.047353    0.069984   -0.710333    0.029363    0.079233
2008-04-15/08:03:00    -6.644717   17.178427   -5.677420   -6.644717   18.034807   -1.441231   -0.709788    0.045952    0.070451   -0.709788    0.027932    0.079339
2008-04-15/08:04:00    -6.651186   17.178928   -5.676754   -6.651186   18.034395   -1.449754   -0.709243    0.044551    0.070917   -0.709243    0.026501    0.079447
2008-04-15/08:05:00    -6.657654   17.179424   -5.676085   -6.657654   18.033972   -1.458230   -0.708698    0.043151    0.071384   -0.708698    0.025071    0.079555
2008-04-15/08:06:00    -6.664114   17.179903   -5.675412   -6.664114   18.033533   -1.466662   -0.708153    0.041751    0.071850   -0.708153    0.023642    0.079666
2008-04-15/08:07:00    -6.670569   17.180367   -5.674734   -6.670569   18.033077   -1.475051   -0.707607    0.040352    0.072316   -0.707607    0.022213    0.079778
2008-04-15/08:08:00    -6.677019   17.180819   -5.674051   -6.677019   18.032606   -1.483390   -0.707061    0.038953    0.072782   -0.707061    0.020784    0.079891
2008-04-15/08:09:00    -6.683465   17.181257   -5.673364   -6.683465   18.032124   -1.491687   -0.706515    0.037555    0.073247   -0.706515    0.019356    0.080006
2008-04-15/08:10:00    -6.689906   17.181683   -5.672673   -6.689906   18.031630   -1.499937   -0.705968    0.036158    0.073712   -0.705968    0.017928    0.080121
2008-04-15/08:11:00    -6.696341   17.182095   -5.671977   -6.696341   18.031120   -1.508140   -0.705421    0.034760    0.074177   -0.705421    0.016501    0.080239
2008-04-15/08:12:00    -6.702770   17.182495   -5.671277   -6.702770   18.030596   -1.516299   -0.704874    0.033364    0.074642   -0.704874    0.015074    0.080358
2008-04-15/08:13:00    -6.709195   17.182882   -5.670573   -6.709195   18.030058   -1.524409   -0.704326    0.031967    0.075107   -0.704326    0.013648    0.080478
2008-04-15/08:14:00    -6.715613   17.183256   -5.669864   -6.715613   18.029510   -1.532474   -0.703778    0.030572    0.075571   -0.703778    0.012222    0.080599
2008-04-15/08:15:00    -6.722024   17.183619   -5.669150   -6.722024   18.028946   -1.540491   -0.703230    0.029177    0.076035   -0.703230    0.010797    0.080722
2008-04-15/08:16:00    -6.728438   17.183966   -5.668433   -6.728438   18.028370   -1.548463   -0.702682    0.027782    0.076499   -0.702682    0.009372    0.080846
2008-04-15/08:17:00    -6.734842   17.184299   -5.667711   -6.734842   18.027779   -1.556386   -0.702133    0.026387    0.076963   -0.702133    0.007947    0.080972
2008-04-15/08:18:00    -6.741235   17.184622   -5.666986   -6.741235   18.027176   -1.564263   -0.701584    0.024994    0.077426   -0.701584    0.006523    0.081098
2008-04-15/08:19:00    -6.747629   17.184929   -5.666255   -6.747629   18.026560   -1.572093   -0.701034    0.023600    0.077889   -0.701034    0.005099    0.081226
2008-04-15/08:20:00    -6.754017   17.185226   -5.665521   -6.754017   18.025930   -1.579873   -0.700485    0.022207    0.078352   -0.700485    0.003676    0.081356
2008-04-15/08:21:00    -6.760402   17.185509   -5.664782   -6.760402   18.025286   -1.587608   -0.699934    0.020815    0.078815   -0.699934    0.002253    0.081486
2008-04-15/08:22:00    -6.766779   17.185780   -5.664037   -6.766779   18.024633   -1.595293   -0.699384    0.019423    0.079278   -0.699384    0.000830    0.081618
2008-04-15/08:23:00    -6.773152   17.186033   -5.663290   -6.773152   18.023962   -1.602932   -0.698833    0.018031    0.079740   -0.698833   -0.000592    0.081751
2008-04-15/08:24:00    -6.779521   17.186279   -5.662537   -6.779521   18.023283   -1.610519   -0.698282    0.016640    0.080202   -0.698282   -0.002013    0.081885
2008-04-15/08:25:00    -6.785884   17.186508   -5.661780   -6.785884   18.022589   -1.618060   -0.697731    0.015250    0.080664   -0.697731   -0.003435    0.082021
2008-04-15/08:26:00    -6.792239   17.186724   -5.661019   -6.792239   18.021883   -1.625554   -0.697180    0.013859    0.081125   -0.697180   -0.004855    0.082157
2008-04-15/08:27:00    -6.798592   17.186930   -5.660254   -6.798592   18.021164   -1.632997   -0.696628    0.012470    0.081587   -0.696628   -0.006276    0.082295
2008-04-15/08:28:00    -6.804940   17.187120   -5.659484   -6.804940   18.020433   -1.640392   -0.696075    0.011080    0.082048   -0.696075   -0.007696    0.082434
2008-04-15/08:29:00    -6.811282   17.187300   -5.658710   -6.811282   18.019691   -1.647737   -0.695523    0.009692    0.082509   -0.695523   -0.009116    0.082575
2008-04-15/08:30:00    -6.817616   17.187466   -5.657932   -6.817616   18.018936   -1.655035   -0.694970    0.008303    0.082970   -0.694970   -0.010535    0.082716
2008-04-15/08:31:00    -6.823948   17.187616   -5.657149   -6.823948   18.018167   -1.662280   -0.694417    0.006915    0.083430   -0.694417   -0.011954    0.082859
2008-04-15/08:32:00    -6.830276   17.187757   -5.656362   -6.830276   18.017389   -1.669477   -0.693864    0.005528    0.083891   -0.693864   -0.013372    0.083002
2008-04-15/08:33:00    -6.836596   17.187881   -5.655571   -6.836596   18.016594   -1.676626   -0.693310    0.004141    0.084351   -0.693310   -0.014790    0.083147
2008-04-15/08:34:00    -6.842908   17.187998   -5.654775   -6.842908   18.015795   -1.683722   -0.692756    0.002754    0.084811   -0.692756   -0.016208    0.083293
2008-04-15/08:35:00    -6.849219   17.188099   -5.653975   -6.849219   18.014978   -1.690771   -0.692201    0.001368    0.085270   -0.692201   -0.017625    0.083440
2008-04-15/08:36:00    -6.855523   17.188185   -5.653171   -6.855523   18.014154   -1.697769   -0.691646   -0.000017    0.085730   -0.691646   -0.019042    0.083588
2008-04-15/08:37:00    -6.861824   17.188261   -5.652362   -6.861824   18.013315   -1.704716   -0.691091   -0.001403    0.086189   -0.691091   -0.020459    0.083738
2008-04-15/08:38:00    -6.868118   17.188322   -5.651549   -6.868118   18.012463   -1.711613   -0.690536   -0.002788    0.086648   -0.690536   -0.021875    0.083888
2008-04-15/08:39:00    -6.874408   17.188370   -5.650732   -6.874408   18.011600   -1.718457   -0.689980   -0.004172    0.087107   -0.689980   -0.023291    0.084039
2008-04-15/08:40:00    -6.880692   17.188408   -5.649910   -6.880692   18.010729   -1.725253   -0.689424   -0.005556    0.087566   -0.689424   -0.024707    0.084192
2008-04-15/08:41:00    -6.886972   17.188431   -5.649085   -6.886972   18.009846   -1.731999   -0.688868   -0.006939    0.088024   -0.688868   -0.026122    0.084345
2008-04-15/08:42:00    -6.893245   17.188440   -5.648255   -6.893245   18.008947   -1.738692   -0.688311   -0.008323    0.088482   -0.688311   -0.027537    0.084499
2008-04-15/08:43:00    -6.899516   17.188437   -5.647420   -6.899516   18.008039   -1.745333   -0.687754   -0.009705    0.088940   -0.687754   -0.028951    0.084655
2008-04-15/08:44:00    -6.905779   17.188421   -5.646582   -6.905779   18.007122   -1.751924   -0.687197   -0.011088    0.089398   -0.687197   -0.030365    0.084811
2008-04-15/08:45:00    -6.912036   17.188391   -5.645738   -6.912036   18.006195   -1.758464   -0.686639   -0.012469    0.089856   -0.686639   -0.031779    0.084968
2008-04-15/08:46:00    -6.918289   17.188349   -5.644890   -6.918289   18.005253   -1.764951   -0.686082   -0.013851    0.090313   -0.686082   -0.033192    0.085127
2008-04-15/08:47:00    -6.924537   17.188295   -5.644039   -6.924537   18.004301   -1.771388   -0.685523   -0.015232    0.090770   -0.685523   -0.034605    0.085286
2008-04-15/08:48:00    -6.930776   17.188231   -5.643182   -6.930776   18.003340   -1.777770   -0.684965   -0.016612    0.091227   -0.684965   -0.036018    0.085446
2008-04-15/08:49:00    -6.937017   17.188147   -5.642323   -6.937017   18.002367   -1.784104   -0.684406   -0.017993    0.091684   -0.684406   -0.037431    0.085608
2008-04-15/08:50:00    -6.943244   17.188055   -5.641458   -6.943244   18.001385   -1.790383   -0.683847   -0.019372    0.092141   -0.683847   -0.038843    0.085770
2008-04-15/08:51:00    -6.949472   17.187948   -5.640589   -6.949472   18.000389   -1.796609   -0.683287   -0.020752    0.092597   -0.683287   -0.040254    0.085933
2008-04-15/08:52:00    -6.955694   17.187830   -5.639716   -6.955694   17.999386   -1.802785   -0.682727   -0.022131    0.093053   -0.682727   -0.041666    0.086097
2008-04-15/08:53:00    -6.961909   17.187696   -5.638838   -6.961909   17.998369   -1.808906   -0.682167   -0.023509    0.093509   -0.682167   -0.043077    0.086261
2008-04-15/08:54:00    -6.968120   17.187551   -5.637957   -6.968120   17.997341   -1.814976   -0.681607   -0.024888    0.093965   -0.681607   -0.044488    0.086427
2008-04-15/08:55:00    -6.974327   17.187393   -5.637070   -6.974327   17.996305   -1.820993   -0.681046   -0.026265    0.094420   -0.681046   -0.045898    0.086593
2008-04-15/08:56:00    -6.980527   17.187223   -5.636180   -6.980527   17.995260   -1.826957   -0.680485   -0.027643    0.094876   -0.680485   -0.047308    0.086761
2008-04-15/08:57:00    -6.986722   17.187040   -5.635285   -6.986722   17.994204   -1.832865   -0.679923   -0.029020    0.095331   -0.679923   -0.048718    0.086929
2008-04-15/08:58:00    -6.992910   17.186842   -5.634387   -6.992910   17.993137   -1.838725   -0.679362   -0.030396    0.095786   -0.679362   -0.050128    0.087098
2008-04-15/08:59:00    -6.999095   17.186634   -5.633484   -6.999095   17.992064   -1.844529   -0.678800   -0.031772    0.096241   -0.678800   -0.051537    0.087268
2008-04-15/09:00:00    -7.005274   17.186409   -5.632576   -7.005274   17.990971   -1.850278   -0.678237   -0.033148    0.096695   -0.678237   -0.052946    0.087438
2008-04-15/09:01:00    -7.011448   17.186176   -5.631664   -7.011448   17.989876   -1.855974   -0.677674   -0.034524    0.097150   -0.677674   -0.054355    0.087610
2008-04-15/09:02:00    -7.017617   17.185928   -5.630748   -7.017617   17.988770   -1.861617   -0.677111   -0.035899    0.097604   -0.677111   -0.055764    0.087782
2008-04-15/09:03:00    -7.023781   17.185665   -5.629827   -7.023781   17.987652   -1.867207   -0.676548   -0.037273    0.098058   -0.676548   -0.057172    0.087955
2008-04-15/09:04:00    -7.029941   17.185392   -5.628903   -7.029941   17.986525   -1.872741   -0.675984   -0.038647    0.098511   -0.675984   -0.058580    0.088128
2008-04-15/09:05:00    -7.036092   17.185104   -5.627974   -7.036092   17.985390   -1.878222   -0.675420   -0.040021    0.098965   -0.675420   -0.059987    0.088302
2008-04-15/09:06:00    -7.042234   17.184811   -5.627041   -7.042234   17.984245   -1.883647   -0.674856   -0.041395    0.099418   -0.674856   -0.061394    0.088478
2008-04-15/09:07:00    -7.048382   17.184494   -5.626104   -7.048382   17.983091   -1.889021   -0.674291   -0.042768    0.099872   -0.674291   -0.062802    0.088653
2008-04-15/09:08:00    -7.054514   17.184172   -5.625163   -7.054514   17.981926   -1.894338   -0.673726   -0.044140    0.100325   -0.673726   -0.064208    0.088830
2008-04-15/09:09:00    -7.060645   17.183830   -5.624216   -7.060645   17.980751   -1.899601   -0.673160   -0.045513    0.100777   -0.673160   -0.065615    0.089007
2008-04-15/09:10:00    -7.066772   17.183481   -5.623266   -7.066772   17.979568   -1.904809   -0.672595   -0.046885    0.101230   -0.672595   -0.067021    0.089185
2008-04-15/09:11:00    -7.072892   17.183117   -5.622311   -7.072892   17.978374   -1.909962   -0.672029   -0.048256    0.101682   -0.672029   -0.068427    0.089363
2008-04-15/09:12:00    -7.079009   17.182739   -5.621353   -7.079009   17.977171   -1.915060   -0.671462   -0.049628    0.102135   -0.671462   -0.069833    0.089542
2008-04-15/09:13:00    -7.085119   17.182352   -5.620390   -7.085119   17.975960   -1.920104   -0.670895   -0.050998    0.102587   -0.670895   -0.071238    0.089722
2008-04-15/09:14:00    -7.091224   17.181948   -5.619423   -7.091224   17.974741   -1.925092   -0.670328   -0.052369    0.103039   -0.670328   -0.072644    0.089902
2008-04-15/09:15:00    -7.097324   17.181534   -5.618452   -7.097324   17.973513   -1.930025   -0.669761   -0.053739    0.103490   -0.669761   -0.074049    0.090083
2008-04-15/09:16:00    -7.103417   17.181108   -5.617475   -7.103417   17.972277   -1.934901   -0.669193   -0.055109    0.103942   -0.669193   -0.075453    0.090264
2008-04-15/09:17:00    -7.109507   17.180664   -5.616496   -7.109507   17.971025   -1.939724   -0.668625   -0.056478    0.104393   -0.668625   -0.076858    0.090446
2008-04-15/09:18:00    -7.115591   17.180212   -5.615512   -7.115591   17.969769   -1.944489   -0.668057   -0.057847    0.104844   -0.668057   -0.078262    0.090629
2008-04-15/09:19:00    -7.121668   17.179747   -5.614522   -7.121668   17.968506   -1.949199   -0.667488   -0.059216    0.105295   -0.667488   -0.079666    0.090812
2008-04-15/09:20:00    -7.127741   17.179268   -5.613531   -7.127741   17.967230   -1.953854   -0.666919   -0.060584    0.105746   -0.666919   -0.081070    0.090996
2008-04-15/09:21:00    -7.133804   17.178778   -5.612534   -7.133804   17.965950   -1.958453   -0.666350   -0.061952    0.106196   -0.666350   -0.082474    0.091180
2008-04-15/09:22:00    -7.139870   17.178272   -5.611533   -7.139870   17.964659   -1.962995   -0.665780   -0.063320    0.106647   -0.665780   -0.083877    0.091365
2008-04-15/09:23:00    -7.145927   17.177753   -5.610528   -7.145927   17.963358   -1.967481   -0.665210   -0.064687    0.107097   -0.665210   -0.085281    0.091550
2008-04-15/09:24:00    -7.151976   17.177225   -5.609518   -7.151976   17.962051   -1.971911   -0.664639   -0.066054    0.107547   -0.664639   -0.086684    0.091735
2008-04-15/09:25:00    -7.158021   17.176682   -5.608504   -7.158021   17.960737   -1.976285   -0.664069   -0.067421    0.107997   -0.664069   -0.088087    0.091922
2008-04-15/09:26:00    -7.164062   17.176126   -5.607486   -7.164062   17.959412   -1.980603   -0.663498   -0.068787    0.108446   -0.663498   -0.089489    0.092108
2008-04-15/09:27:00    -7.170097   17.175556   -5.606463   -7.170097   17.958075   -1.984862   -0.662926   -0.070153    0.108896   -0.662926   -0.090892    0.092295
2008-04-15/09:28:00    -7.176128   17.174976   -5.605437   -7.176128   17.956736   -1.989066   -0.662354   -0.071518    0.109345   -0.662354   -0.092294    0.092483
2008-04-15/09:29:00    -7.182152   17.174383   -5.604407   -7.182152   17.955387   -1.993213   -0.661782   -0.072884    0.109794   -0.661782   -0.093696    0.092670
2008-04-15/09:30:00    -7.188171   17.173773   -5.603371   -7.188171   17.954027   -1.997304   -0.661210   -0.074248    0.110243   -0.661210   -0.095098    0.092859
2008-04-15/09:31:00    -7.194186   17.173153   -5.602332   -7.194186   17.952660   -2.001337   -0.660637   -0.075613    0.110692   -0.660637   -0.096500    0.093047
2008-04-15/09:32:00    -7.200195   17.172523   -5.601288   -7.200195   17.951286   -2.005312   -0.660064   -0.076977    0.111140   -0.660064   -0.097901    0.093236
2008-04-15/09:33:00    -7.206197   17.171877   -5.600241   -7.206197   17.949905   -2.009231   -0.659490   -0.078341    0.111589   -0.659490   -0.099303    0.093426
2008-04-15/09:34:00    -7.212194   17.171219   -5.599189   -7.212194   17.948515   -2.013094   -0.658917   -0.079705    0.112037   -0.658917   -0.100704    0.093615
2008-04-15/09:35:00    -7.218183   17.170549   -5.598134   -7.218183   17.947117   -2.016898   -0.658342   -0.081068    0.112485   -0.658342   -0.102105    0.093805
2008-04-15/09:36:00    -7.224174   17.169865   -5.597073   -7.224174   17.945709   -2.020645   -0.657768   -0.082431    0.112933   -0.657768   -0.103506    0.093996
2008-04-15/09:37:00    -7.230155   17.169168   -5.596009   -7.230155   17.944296   -2.024334   -0.657193   -0.083793    0.113380   -0.657193   -0.104907    0.094186
2008-04-15/09:38:00    -7.236132   17.168461   -5.594940   -7.236132   17.942873   -2.027966   -0.656618   -0.085155    0.113828   -0.656618   -0.106307    0.094377
2008-04-15/09:39:00    -7.242097   17.167740   -5.593867   -7.242097   17.941446   -2.031540   -0.656042   -0.086517    0.114275   -0.656042   -0.107708    0.094568
2008-04-15/09:40:00    -7.248063   17.167006   -5.592790   -7.248063   17.940008   -2.035057   -0.655466   -0.087879    0.114722   -0.655466   -0.109108    0.094760
2008-04-15/09:41:00    -7.254024   17.166260   -5.591709   -7.254024   17.938564   -2.038514   -0.654890   -0.089240    0.115169   -0.654890   -0.110508    0.094951
2008-04-15/09:42:00    -7.259978   17.165499   -5.590622   -7.259978   17.937113   -2.041915   -0.654314   -0.090601    0.115616   -0.654314   -0.111908    0.095143
2008-04-15/09:43:00    -7.265928   17.164726   -5.589533   -7.265928   17.935652   -2.045258   -0.653737   -0.091962    0.116063   -0.653737   -0.113308    0.095336
2008-04-15/09:44:00    -7.271871   17.163940   -5.588439   -7.271871   17.934185   -2.048542   -0.653159   -0.093322    0.116509   -0.653159   -0.114708    0.095528
2008-04-15/09:45:00    -7.277809   17.163143   -5.587341   -7.277809   17.932711   -2.051769   -0.652582   -0.094682    0.116955   -0.652582   -0.116107    0.095720
2008-04-15/09:46:00    -7.283743   17.162333   -5.586239   -7.283743   17.931229   -2.054936   -0.652004   -0.096042    0.117402   -0.652004   -0.117507    0.095913
2008-04-15/09:47:00    -7.289670   17.161509   -5.585132   -7.289670   17.929739   -2.058045   -0.651425   -0.097401    0.117848   -0.651425   -0.118906    0.096106
2008-04-15/09:48:00    -7.295590   17.160671   -5.584022   -7.295590   17.928240   -2.061097   -0.650847   -0.098760    0.118293   -0.650847   -0.120306    0.096299
2008-04-15/09:49:00    -7.301506   17.159822   -5.582907   -7.301506   17.926737   -2.064090   -0.650268   -0.100119    0.118739   -0.650268   -0.121705    0.096492
2008-04-15/09:50:00    -7.307420   17.158962   -5.581788   -7.307420   17.925226   -2.067024   -0.649688   -0.101478    0.119184   -0.649688   -0.123104    0.096686
2008-04-15/09:51:00    -7.313326   17.158087   -5.580664   -7.313326   17.923710   -2.069900   -0.649108   -0.102836    0.119630   -0.649108   -0.124503    0.096879
2008-04-15/09:52:00    -7.319225   17.157200   -5.579537   -7.319225   17.922180   -2.072716   -0.648528   -0.104194    0.120075   -0.648528   -0.125902    0.097073
2008-04-15/09:53:00    -7.325119   17.156300   -5.578405   -7.325119   17.920650   -2.075474   -0.647948   -0.105551    0.120520   -0.647948   -0.127300    0.097266
2008-04-15/09:54:00    -7.331009   17.155386   -5.577270   -7.331009   17.919107   -2.078175   -0.647367   -0.106909    0.120965   -0.647367   -0.128699    0.097460
2008-04-15/09:55:00    -7.336888   17.154463   -5.576130   -7.336888   17.917562   -2.080814   -0.646786   -0.108266    0.121409   -0.646786   -0.130098    0.097654
2008-04-15/09:56:00    -7.342767   17.153528   -5.574985   -7.342767   17.916008   -2.083393   -0.646204   -0.109622    0.121854   -0.646204   -0.131496    0.097847
2008-04-15/09:57:00    -7.348639   17.152576   -5.573837   -7.348639   17.914450   -2.085917   -0.645622   -0.110979    0.122298   -0.645622   -0.132895    0.098041
2008-04-15/09:58:00    -7.354506   17.151611   -5.572685   -7.354506   17.912880   -2.088380   -0.645040   -0.112335    0.122742   -0.645040   -0.134293    0.098235
2008-04-15/09:59:00    -7.360370   17.150635   -5.571528   -7.360370   17.911304   -2.090783   -0.644458   -0.113691    0.123186   -0.644458   -0.135691    0.098429
2008-04-15/10:00:00    -7.366227   17.149649   -5.570367   -7.366227   17.909725   -2.093127   -0.643875   -0.115046    0.123630   -0.643875   -0.137090    0.098623
